1 8
1 13
1 15
1 17
1 19
1 23
1 26
1 28
1 30
1 36
1 37
1 38
1 43
1 44
1 45
1 46
1 50
1 56
1 61
1 67
1 69
1 70
1 71
1 73
3 13
3 15
3 17
3 19
3 23
3 26
3 28
3 30
3 36
3 37
3 38
3 43
3 44
3 45
3 46
3 50
3 56
3 61
3 67
3 69
3 70
3 71
3 73
4 13
4 15
4 17
4 19
4 23
4 26
4 28
4 30
4 36
4 37
4 38
4 43
4 44
4 45
4 46
4 50
4 56
4 61
4 67
4 69
4 70
4 71
4 73
5 13
5 15
5 17
5 19
5 23
5 26
5 28
5 30
5 36
5 37
5 38
5 43
5 44
5 45
5 46
5 50
5 56
5 61
5 67
5 69
5 70
5 71
5 73
8 15
8 17
8 19
8 23
8 26
8 28
8 30
8 36
8 37
8 38
8 43
8 44
8 45
8 46
8 50
8 56
8 61
8 67
8 69
8 70
8 71
8 73
13 23
13 26
13 28
13 30
13 36
13 37
13 38
13 43
13 44
13 45
13 46
13 50
13 56
13 61
13 67
13 69
13 70
13 71
13 73
15 23
15 26
15 28
15 30
15 36
15 37
15 38
15 43
15 44
15 45
15 46
15 50
15 56
15 61
15 67
15 69
15 70
15 71
15 73
17 26
17 28
17 30
17 36
17 37
17 38
17 43
17 44
17 45
17 46
17 50
17 56
17 61
17 67
17 69
17 70
17 71
17 73
19 26
19 28
19 30
19 36
19 37
19 38
19 43
19 44
19 45
19 46
19 50
19 56
19 61
19 67
19 69
19 70
19 71
19 73
23 30
23 36
23 37
23 38
23 43
23 44
23 45
23 46
23 50
23 56
23 61
23 67
23 69
23 70
23 71
23 73
26 36
26 37
26 38
26 43
26 44
26 45
26 46
26 50
26 56
26 61
26 67
26 69
26 70
26 71
26 73
28 36
28 37
28 38
28 43
28 44
28 45
28 46
28 50
28 56
28 61
28 67
28 69
28 70
28 71
28 73
30 37
30 38
30 43
30 44
30 45
30 46
30 50
30 56
30 61
30 67
30 69
30 70
30 71
30 73
36 43
36 44
36 45
36 46
36 50
36 56
36 61
36 67
36 69
36 70
36 71
36 73
37 44
37 45
37 46
37 50
37 56
37 61
37 67
37 69
37 70
37 71
37 73
38 45
38 46
38 50
38 56
38 61
38 67
38 69
38 70
38 71
38 73
43 50
43 56
43 61
43 67
43 69
43 70
43 71
43 73
44 56
44 61
44 67
44 69
44 70
44 71
44 73
45 56
45 61
45 67
45 69
45 70
45 71
45 73
46 56
46 61
46 67
46 69
46 70
46 71
46 73
50 61
50 67
50 69
50 70
50 71
50 73
56 67
56 69
56 70
56 71
56 73
61 69
61 70
61 71
61 73
