2 13
2 14
2 17
2 18
2 20
2 21
2 23
2 31
2 32
2 35
2 39
2 43
2 45
2 46
2 47
2 49
2 52
2 55
2 57
2 58
2 60
6 13
6 14
6 17
6 18
6 20
6 21
6 23
6 31
6 32
6 35
6 39
6 43
6 45
6 46
6 47
6 49
6 52
6 55
6 57
6 58
6 60
13 20
13 21
13 23
13 31
13 32
13 35
13 39
13 43
13 45
13 46
13 47
13 49
13 52
13 55
13 57
13 58
13 60
14 21
14 23
14 31
14 32
14 35
14 39
14 43
14 45
14 46
14 47
14 49
14 52
14 55
14 57
14 58
14 60
17 31
17 32
17 35
17 39
17 43
17 45
17 46
17 47
17 49
17 52
17 55
17 57
17 58
17 60
18 31
18 32
18 35
18 39
18 43
18 45
18 46
18 47
18 49
18 52
18 55
18 57
18 58
18 60
20 31
20 32
20 35
20 39
20 43
20 45
20 46
20 47
20 49
20 52
20 55
20 57
20 58
20 60
21 31
21 32
21 35
21 39
21 43
21 45
21 46
21 47
21 49
21 52
21 55
21 57
21 58
21 60
23 31
23 32
23 35
23 39
23 43
23 45
23 46
23 47
23 49
23 52
23 55
23 57
23 58
23 60
31 39
31 43
31 45
31 46
31 47
31 49
31 52
31 55
31 57
31 58
31 60
32 39
32 43
32 45
32 46
32 47
32 49
32 52
32 55
32 57
32 58
32 60
35 43
35 45
35 46
35 47
35 49
35 52
35 55
35 57
35 58
35 60
39 46
39 47
39 49
39 52
39 55
39 57
39 58
39 60
43 52
43 55
43 57
43 58
43 60
45 52
45 55
45 57
45 58
45 60
46 55
46 57
46 58
46 60
47 55
47 57
47 58
47 60
49 57
49 58
49 60
52 60
